natCu(p,x)56Co				
				
Energy	sigma	Phys. yield	Phys. yield	1 h irrad.
(MeV)	(mb)	(MBq/uAh)	(uCi/uAh)	(MBq/uA)

43.0	0.02	5.59E-06	1.51E-04	5.59E-06
43.1	0.02	1.12E-05	3.04E-04	1.12E-05
43.2	0.02	1.70E-05	4.58E-04	1.69E-05
43.3	0.02	2.28E-05	6.15E-04	2.27E-05
43.4	0.02	2.86E-05	7.74E-04	2.86E-05
43.5	0.02	3.46E-05	9.36E-04	3.46E-05
43.6	0.02	4.07E-05	1.10E-03	4.07E-05
43.7	0.03	4.70E-05	1.27E-03	4.70E-05
43.8	0.03	5.34E-05	1.44E-03	5.34E-05
43.9	0.03	6.00E-05	1.62E-03	6.00E-05
44.0	0.03	6.68E-05	1.81E-03	6.68E-05
44.1	0.03	7.39E-05	2.00E-03	7.39E-05
44.2	0.03	8.13E-05	2.20E-03	8.13E-05
44.3	0.03	8.90E-05	2.40E-03	8.89E-05
44.4	0.03	9.70E-05	2.62E-03	9.70E-05
44.5	0.03	1.05E-04	2.85E-03	1.05E-04
44.6	0.03	1.14E-04	3.09E-03	1.14E-04
44.7	0.04	1.23E-04	3.33E-03	1.23E-04
44.8	0.04	1.33E-04	3.59E-03	1.33E-04
44.9	0.04	1.43E-04	3.86E-03	1.43E-04
45.0	0.04	1.53E-04	4.15E-03	1.53E-04
45.1	0.04	1.64E-04	4.44E-03	1.64E-04
45.2	0.04	1.76E-04	4.74E-03	1.76E-04
45.3	0.05	1.87E-04	5.06E-03	1.87E-04
45.4	0.05	1.99E-04	5.39E-03	1.99E-04
45.5	0.05	2.12E-04	5.73E-03	2.12E-04
45.6	0.05	2.25E-04	6.09E-03	2.25E-04
45.7	0.05	2.39E-04	6.45E-03	2.39E-04
45.8	0.05	2.53E-04	6.84E-03	2.53E-04
45.9	0.06	2.68E-04	7.24E-03	2.68E-04
46.0	0.06	2.83E-04	7.65E-03	2.83E-04
46.1	0.06	2.99E-04	8.08E-03	2.99E-04
46.2	0.06	3.16E-04	8.53E-03	3.16E-04
46.3	0.07	3.33E-04	9.00E-03	3.33E-04
46.4	0.07	3.51E-04	9.49E-03	3.51E-04
46.5	0.07	3.70E-04	1.00E-02	3.70E-04
46.6	0.07	3.90E-04	1.05E-02	3.89E-04
46.7	0.08	4.10E-04	1.11E-02	4.10E-04
46.8	0.08	4.31E-04	1.17E-02	4.31E-04
46.9	0.08	4.53E-04	1.22E-02	4.53E-04
47.0	0.09	4.76E-04	1.29E-02	4.76E-04
47.1	0.09	5.00E-04	1.35E-02	4.99E-04
47.2	0.09	5.24E-04	1.42E-02	5.24E-04
47.3	0.09	5.49E-04	1.48E-02	5.49E-04
47.4	0.10	5.75E-04	1.55E-02	5.75E-04
47.5	0.10	6.02E-04	1.63E-02	6.02E-04
47.6	0.10	6.30E-04	1.70E-02	6.30E-04
47.7	0.11	6.58E-04	1.78E-02	6.58E-04
47.8	0.11	6.87E-04	1.86E-02	6.87E-04
47.9	0.11	7.17E-04	1.94E-02	7.17E-04
48.0	0.11	7.48E-04	2.02E-02	7.47E-04
48.1	0.12	7.79E-04	2.10E-02	7.79E-04
48.2	0.12	8.11E-04	2.19E-02	8.11E-04
48.3	0.12	8.43E-04	2.28E-02	8.43E-04
48.4	0.12	8.76E-04	2.37E-02	8.76E-04
48.5	0.13	9.10E-04	2.46E-02	9.10E-04
48.6	0.13	9.45E-04	2.55E-02	9.45E-04
48.7	0.13	9.81E-04	2.65E-02	9.81E-04
48.8	0.13	1.02E-03	2.75E-02	1.02E-03
48.9	0.14	1.05E-03	2.85E-02	1.05E-03
49.0	0.14	1.09E-03	2.95E-02	1.09E-03
49.1	0.14	1.13E-03	3.06E-02	1.13E-03
49.2	0.15	1.17E-03	3.17E-02	1.17E-03
49.3	0.15	1.22E-03	3.29E-02	1.22E-03
49.4	0.16	1.26E-03	3.41E-02	1.26E-03
49.5	0.16	1.31E-03	3.53E-02	1.31E-03
49.6	0.17	1.35E-03	3.66E-02	1.35E-03
49.7	0.18	1.40E-03	3.79E-02	1.40E-03
49.8	0.18	1.45E-03	3.92E-02	1.45E-03
49.9	0.19	1.50E-03	4.07E-02	1.50E-03
50.0	0.20	1.56E-03	4.21E-02	1.56E-03
50.1	0.20	1.62E-03	4.37E-02	1.61E-03
50.2	0.21	1.67E-03	4.52E-02	1.67E-03
50.3	0.22	1.73E-03	4.69E-02	1.73E-03
50.4	0.22	1.80E-03	4.85E-02	1.80E-03
50.5	0.23	1.86E-03	5.03E-02	1.86E-03
50.6	0.24	1.93E-03	5.21E-02	1.93E-03
50.7	0.25	2.00E-03	5.40E-02	2.00E-03
50.8	0.25	2.07E-03	5.59E-02	2.07E-03
50.9	0.26	2.14E-03	5.79E-02	2.14E-03
51.0	0.27	2.22E-03	6.00E-02	2.22E-03
51.1	0.28	2.30E-03	6.22E-02	2.30E-03
51.2	0.29	2.38E-03	6.44E-02	2.38E-03
51.3	0.30	2.47E-03	6.67E-02	2.47E-03
51.4	0.31	2.56E-03	6.91E-02	2.56E-03
51.5	0.32	2.65E-03	7.16E-02	2.65E-03
51.6	0.34	2.75E-03	7.42E-02	2.75E-03
51.7	0.35	2.85E-03	7.69E-02	2.85E-03
51.8	0.36	2.95E-03	7.97E-02	2.95E-03
51.9	0.38	3.06E-03	8.26E-02	3.06E-03
52.0	0.39	3.17E-03	8.57E-02	3.17E-03
52.1	0.41	3.29E-03	8.88E-02	3.29E-03
52.2	0.42	3.41E-03	9.21E-02	3.41E-03
52.3	0.44	3.53E-03	9.55E-02	3.53E-03
52.4	0.46	3.67E-03	9.91E-02	3.66E-03
52.5	0.47	3.80E-03	1.03E-01	3.80E-03
52.6	0.49	3.94E-03	1.07E-01	3.94E-03
52.7	0.51	4.09E-03	1.11E-01	4.09E-03
52.8	0.53	4.25E-03	1.15E-01	4.25E-03
52.9	0.55	4.41E-03	1.19E-01	4.41E-03
53.0	0.57	4.57E-03	1.24E-01	4.57E-03
53.1	0.59	4.75E-03	1.28E-01	4.75E-03
53.2	0.62	4.93E-03	1.33E-01	4.93E-03
53.3	0.64	5.11E-03	1.38E-01	5.11E-03
53.4	0.66	5.31E-03	1.44E-01	5.31E-03
53.5	0.69	5.51E-03	1.49E-01	5.51E-03
53.6	0.72	5.72E-03	1.55E-01	5.72E-03
53.7	0.74	5.94E-03	1.61E-01	5.94E-03
53.8	0.77	6.17E-03	1.67E-01	6.17E-03
53.9	0.80	6.41E-03	1.73E-01	6.41E-03
54.0	0.83	6.65E-03	1.80E-01	6.65E-03
54.1	0.86	6.91E-03	1.87E-01	6.91E-03
54.2	0.90	7.17E-03	1.94E-01	7.17E-03
54.3	0.93	7.45E-03	2.01E-01	7.45E-03
54.4	0.97	7.74E-03	2.09E-01	7.74E-03
54.5	1.00	8.04E-03	2.17E-01	8.04E-03
54.6	1.04	8.35E-03	2.26E-01	8.35E-03
54.7	1.08	8.67E-03	2.34E-01	8.67E-03
54.8	1.12	9.01E-03	2.43E-01	9.01E-03
54.9	1.16	9.36E-03	2.53E-01	9.35E-03
55.0	1.20	9.72E-03	2.63E-01	9.71E-03
55.1	1.24	1.01E-02	2.73E-01	1.01E-02
55.2	1.28	1.05E-02	2.83E-01	1.05E-02
55.3	1.32	1.09E-02	2.94E-01	1.09E-02
55.4	1.37	1.13E-02	3.05E-01	1.13E-02
55.5	1.41	1.17E-02	3.17E-01	1.17E-02
55.6	1.45	1.22E-02	3.29E-01	1.22E-02
55.7	1.50	1.26E-02	3.41E-01	1.26E-02
55.8	1.55	1.31E-02	3.54E-01	1.31E-02
55.9	1.59	1.36E-02	3.67E-01	1.36E-02
56.0	1.64	1.41E-02	3.80E-01	1.41E-02
56.1	1.69	1.46E-02	3.94E-01	1.46E-02
56.2	1.75	1.51E-02	4.09E-01	1.51E-02
56.3	1.80	1.57E-02	4.24E-01	1.57E-02
56.4	1.85	1.62E-02	4.39E-01	1.62E-02
56.5	1.91	1.68E-02	4.55E-01	1.68E-02
56.6	1.97	1.74E-02	4.71E-01	1.74E-02
56.7	2.03	1.81E-02	4.88E-01	1.81E-02
56.8	2.09	1.87E-02	5.05E-01	1.87E-02
56.9	2.15	1.94E-02	5.23E-01	1.94E-02
57.0	2.21	2.00E-02	5.42E-01	2.00E-02
57.1	2.27	2.08E-02	5.61E-01	2.07E-02
57.2	2.33	2.15E-02	5.80E-01	2.15E-02
57.3	2.40	2.22E-02	6.01E-01	2.22E-02
57.4	2.46	2.30E-02	6.21E-01	2.30E-02
57.5	2.53	2.38E-02	6.43E-01	2.38E-02
57.6	2.59	2.46E-02	6.64E-01	2.46E-02
57.7	2.66	2.54E-02	6.87E-01	2.54E-02
57.8	2.73	2.63E-02	7.10E-01	2.63E-02
57.9	2.81	2.71E-02	7.34E-01	2.71E-02
58.0	2.88	2.81E-02	7.58E-01	2.80E-02
58.1	2.96	2.90E-02	7.83E-01	2.90E-02
58.2	3.03	2.99E-02	8.09E-01	2.99E-02
58.3	3.11	3.09E-02	8.36E-01	3.09E-02
58.4	3.19	3.19E-02	8.63E-01	3.19E-02
58.5	3.27	3.30E-02	8.91E-01	3.30E-02
58.6	3.35	3.40E-02	9.20E-01	3.40E-02
58.7	3.43	3.51E-02	9.49E-01	3.51E-02
58.8	3.51	3.62E-02	9.79E-01	3.62E-02
58.9	3.60	3.74E-02	1.01E+00	3.74E-02
59.0	3.68	3.85E-02	1.04E+00	3.85E-02
59.1	3.76	3.97E-02	1.07E+00	3.97E-02
59.2	3.85	4.10E-02	1.11E+00	4.10E-02
59.3	3.93	4.22E-02	1.14E+00	4.22E-02
59.4	4.01	4.35E-02	1.18E+00	4.35E-02
59.5	4.10	4.48E-02	1.21E+00	4.48E-02
59.6	4.18	4.62E-02	1.25E+00	4.62E-02
59.7	4.27	4.75E-02	1.28E+00	4.75E-02
59.8	4.36	4.89E-02	1.32E+00	4.89E-02
59.9	4.44	5.04E-02	1.36E+00	5.04E-02
60.0	4.54	5.18E-02	1.40E+00	5.18E-02
60.1	4.63	5.33E-02	1.44E+00	5.33E-02
60.2	4.72	5.49E-02	1.48E+00	5.48E-02
60.3	4.82	5.64E-02	1.52E+00	5.64E-02
60.4	4.92	5.80E-02	1.57E+00	5.80E-02
60.5	5.02	5.96E-02	1.61E+00	5.96E-02
60.6	5.12	6.13E-02	1.66E+00	6.13E-02
60.7	5.22	6.30E-02	1.70E+00	6.30E-02
60.8	5.32	6.48E-02	1.75E+00	6.47E-02
60.9	5.42	6.65E-02	1.80E+00	6.65E-02
61.0	5.52	6.83E-02	1.85E+00	6.83E-02
61.1	5.62	7.02E-02	1.90E+00	7.02E-02
61.2	5.72	7.21E-02	1.95E+00	7.20E-02
61.3	5.82	7.40E-02	2.00E+00	7.39E-02
61.4	5.92	7.59E-02	2.05E+00	7.59E-02
61.5	6.02	7.79E-02	2.11E+00	7.79E-02
61.6	6.12	7.99E-02	2.16E+00	7.99E-02
61.7	6.22	8.20E-02	2.22E+00	8.20E-02
61.8	6.32	8.41E-02	2.27E+00	8.40E-02
61.9	6.43	8.62E-02	2.33E+00	8.62E-02
62.0	6.53	8.84E-02	2.39E+00	8.83E-02
62.1	6.63	9.06E-02	2.45E+00	9.05E-02
62.2	6.74	9.28E-02	2.51E+00	9.28E-02
62.3	6.84	9.51E-02	2.57E+00	9.51E-02
62.4	6.95	9.74E-02	2.63E+00	9.74E-02
62.5	7.05	9.97E-02	2.70E+00	9.97E-02
62.6	7.16	1.02E-01	2.76E+00	1.02E-01
62.7	7.26	1.05E-01	2.83E+00	1.05E-01
62.8	7.37	1.07E-01	2.89E+00	1.07E-01
62.9	7.48	1.10E-01	2.96E+00	1.10E-01
63.0	7.59	1.12E-01	3.03E+00	1.12E-01
63.1	7.69	1.15E-01	3.10E+00	1.15E-01
63.2	7.80	1.17E-01	3.17E+00	1.17E-01
63.3	7.91	1.20E-01	3.24E+00	1.20E-01
63.4	8.01	1.23E-01	3.32E+00	1.23E-01
63.5	8.12	1.25E-01	3.39E+00	1.25E-01
63.6	8.23	1.28E-01	3.47E+00	1.28E-01
63.7	8.33	1.31E-01	3.54E+00	1.31E-01
63.8	8.44	1.34E-01	3.62E+00	1.34E-01
63.9	8.55	1.37E-01	3.70E+00	1.37E-01
64.0	8.66	1.40E-01	3.78E+00	1.40E-01
64.1	8.76	1.43E-01	3.86E+00	1.43E-01
64.2	8.87	1.46E-01	3.94E+00	1.46E-01
64.3	8.98	1.49E-01	4.02E+00	1.49E-01
64.4	9.08	1.52E-01	4.11E+00	1.52E-01
64.5	9.19	1.55E-01	4.19E+00	1.55E-01
64.6	9.29	1.58E-01	4.28E+00	1.58E-01
64.7	9.40	1.62E-01	4.37E+00	1.61E-01
64.8	9.50	1.65E-01	4.45E+00	1.65E-01
64.9	9.60	1.68E-01	4.54E+00	1.68E-01
65.0	9.70	1.71E-01	4.63E+00	1.71E-01
65.1	9.80	1.75E-01	4.72E+00	1.75E-01
65.2	9.90	1.78E-01	4.82E+00	1.78E-01
65.3	10.00	1.82E-01	4.91E+00	1.82E-01
65.4	10.09	1.85E-01	5.01E+00	1.85E-01
65.5	10.19	1.89E-01	5.10E+00	1.89E-01
65.6	10.28	1.92E-01	5.20E+00	1.92E-01
65.7	10.37	1.96E-01	5.29E+00	1.96E-01
65.8	10.46	2.00E-01	5.39E+00	2.00E-01
65.9	10.55	2.03E-01	5.49E+00	2.03E-01
66.0	10.64	2.07E-01	5.59E+00	2.07E-01
66.1	10.73	2.11E-01	5.69E+00	2.11E-01
66.2	10.82	2.14E-01	5.80E+00	2.14E-01
66.3	10.90	2.18E-01	5.90E+00	2.18E-01
66.4	10.99	2.22E-01	6.00E+00	2.22E-01
66.5	11.08	2.26E-01	6.11E+00	2.26E-01
66.6	11.16	2.30E-01	6.22E+00	2.30E-01
66.7	11.24	2.34E-01	6.32E+00	2.34E-01
66.8	11.32	2.38E-01	6.43E+00	2.38E-01
66.9	11.40	2.42E-01	6.54E+00	2.42E-01
67.0	11.48	2.46E-01	6.65E+00	2.46E-01
67.1	11.56	2.50E-01	6.76E+00	2.50E-01
67.2	11.64	2.54E-01	6.87E+00	2.54E-01
67.3	11.71	2.58E-01	6.98E+00	2.58E-01
67.4	11.79	2.63E-01	7.10E+00	2.63E-01
67.5	11.86	2.67E-01	7.21E+00	2.67E-01
67.6	11.93	2.71E-01	7.33E+00	2.71E-01
67.7	12.00	2.75E-01	7.44E+00	2.75E-01
67.8	12.07	2.80E-01	7.56E+00	2.80E-01
67.9	12.13	2.84E-01	7.67E+00	2.84E-01
68.0	12.20	2.88E-01	7.79E+00	2.88E-01
68.1	12.26	2.93E-01	7.91E+00	2.93E-01
68.2	12.32	2.97E-01	8.03E+00	2.97E-01
68.3	12.38	3.02E-01	8.15E+00	3.02E-01
68.4	12.43	3.06E-01	8.27E+00	3.06E-01
68.5	12.49	3.11E-01	8.39E+00	3.10E-01
68.6	12.54	3.15E-01	8.52E+00	3.15E-01
68.7	12.59	3.20E-01	8.64E+00	3.20E-01
68.8	12.64	3.24E-01	8.76E+00	3.24E-01
68.9	12.68	3.29E-01	8.88E+00	3.29E-01
69.0	12.73	3.33E-01	9.01E+00	3.33E-01
69.1	12.77	3.38E-01	9.13E+00	3.38E-01
69.2	12.81	3.43E-01	9.26E+00	3.43E-01
69.3	12.84	3.47E-01	9.39E+00	3.47E-01
69.4	12.88	3.52E-01	9.51E+00	3.52E-01
69.5	12.92	3.57E-01	9.64E+00	3.57E-01
69.6	12.95	3.61E-01	9.77E+00	3.61E-01
69.7	12.98	3.66E-01	9.90E+00	3.66E-01
69.8	13.01	3.71E-01	1.00E+01	3.71E-01
69.9	13.03	3.76E-01	1.02E+01	3.76E-01
70.0	13.06	3.80E-01	1.03E+01	3.80E-01
70.1	13.08	3.85E-01	1.04E+01	3.85E-01
70.2	13.10	3.90E-01	1.05E+01	3.90E-01
70.3	13.12	3.95E-01	1.07E+01	3.95E-01
70.4	13.14	4.00E-01	1.08E+01	4.00E-01
70.5	13.16	4.05E-01	1.09E+01	4.05E-01
70.6	13.18	4.09E-01	1.11E+01	4.09E-01
70.7	13.19	4.14E-01	1.12E+01	4.14E-01
70.8	13.21	4.19E-01	1.13E+01	4.19E-01
70.9	13.22	4.24E-01	1.15E+01	4.24E-01
71.0	13.23	4.29E-01	1.16E+01	4.29E-01
71.1	13.24	4.34E-01	1.17E+01	4.34E-01
71.2	13.25	4.39E-01	1.19E+01	4.39E-01
71.3	13.26	4.44E-01	1.20E+01	4.44E-01
71.4	13.27	4.49E-01	1.21E+01	4.49E-01
71.5	13.28	4.54E-01	1.23E+01	4.54E-01
71.6	13.29	4.59E-01	1.24E+01	4.59E-01
71.7	13.29	4.64E-01	1.25E+01	4.64E-01
71.8	13.30	4.69E-01	1.27E+01	4.69E-01
71.9	13.31	4.74E-01	1.28E+01	4.74E-01
72.0	13.31	4.79E-01	1.29E+01	4.78E-01
72.1	13.32	4.84E-01	1.31E+01	4.83E-01
72.2	13.32	4.89E-01	1.32E+01	4.89E-01
72.3	13.33	4.94E-01	1.33E+01	4.94E-01
72.4	13.33	4.99E-01	1.35E+01	4.99E-01
72.5	13.33	5.04E-01	1.36E+01	5.04E-01
72.6	13.33	5.09E-01	1.37E+01	5.09E-01
72.7	13.34	5.14E-01	1.39E+01	5.14E-01
72.8	13.34	5.19E-01	1.40E+01	5.19E-01
72.9	13.34	5.24E-01	1.42E+01	5.24E-01
73.0	13.34	5.29E-01	1.43E+01	5.29E-01
73.1	13.34	5.34E-01	1.44E+01	5.34E-01
73.2	13.34	5.39E-01	1.46E+01	5.39E-01
73.3	13.34	5.44E-01	1.47E+01	5.44E-01
73.4	13.34	5.49E-01	1.48E+01	5.49E-01
73.5	13.34	5.54E-01	1.50E+01	5.54E-01
73.6	13.33	5.59E-01	1.51E+01	5.59E-01
73.7	13.33	5.64E-01	1.53E+01	5.64E-01
73.8	13.33	5.70E-01	1.54E+01	5.69E-01
73.9	13.32	5.75E-01	1.55E+01	5.75E-01
74.0	13.32	5.80E-01	1.57E+01	5.80E-01
74.1	13.31	5.85E-01	1.58E+01	5.85E-01
74.2	13.31	5.90E-01	1.59E+01	5.90E-01
74.3	13.30	5.95E-01	1.61E+01	5.95E-01
74.4	13.30	6.00E-01	1.62E+01	6.00E-01
74.5	13.29	6.05E-01	1.64E+01	6.05E-01
74.6	13.28	6.11E-01	1.65E+01	6.10E-01
74.7	13.27	6.16E-01	1.66E+01	6.16E-01
74.8	13.27	6.21E-01	1.68E+01	6.21E-01
74.9	13.26	6.26E-01	1.69E+01	6.26E-01
75.0	13.25	6.31E-01	1.71E+01	6.31E-01
75.1	13.24	6.36E-01	1.72E+01	6.36E-01
75.2	13.23	6.41E-01	1.73E+01	6.41E-01
75.3	13.22	6.47E-01	1.75E+01	6.46E-01
75.4	13.21	6.52E-01	1.76E+01	6.52E-01
75.5	13.20	6.57E-01	1.78E+01	6.57E-01
75.6	13.18	6.62E-01	1.79E+01	6.62E-01
75.7	13.17	6.67E-01	1.80E+01	6.67E-01
75.8	13.16	6.72E-01	1.82E+01	6.72E-01
75.9	13.14	6.77E-01	1.83E+01	6.77E-01
76.0	13.13	6.83E-01	1.84E+01	6.82E-01
76.1	13.12	6.88E-01	1.86E+01	6.88E-01
76.2	13.10	6.93E-01	1.87E+01	6.93E-01
76.3	13.09	6.98E-01	1.89E+01	6.98E-01
76.4	13.07	7.03E-01	1.90E+01	7.03E-01
76.5	13.06	7.08E-01	1.91E+01	7.08E-01
76.6	13.04	7.13E-01	1.93E+01	7.13E-01
76.7	13.03	7.19E-01	1.94E+01	7.18E-01
76.8	13.01	7.24E-01	1.96E+01	7.24E-01
76.9	12.99	7.29E-01	1.97E+01	7.29E-01
77.0	12.98	7.34E-01	1.98E+01	7.34E-01
77.1	12.96	7.39E-01	2.00E+01	7.39E-01
77.2	12.94	7.44E-01	2.01E+01	7.44E-01
77.3	12.92	7.49E-01	2.03E+01	7.49E-01
77.4	12.91	7.55E-01	2.04E+01	7.54E-01
77.5	12.89	7.60E-01	2.05E+01	7.60E-01
77.6	12.87	7.65E-01	2.07E+01	7.65E-01
77.7	12.85	7.70E-01	2.08E+01	7.70E-01
77.8	12.83	7.75E-01	2.09E+01	7.75E-01
77.9	12.81	7.80E-01	2.11E+01	7.80E-01
78.0	12.80	7.85E-01	2.12E+01	7.85E-01
78.1	12.78	7.91E-01	2.14E+01	7.90E-01
78.2	12.75	7.96E-01	2.15E+01	7.96E-01
78.3	12.73	8.01E-01	2.16E+01	8.01E-01
78.4	12.71	8.06E-01	2.18E+01	8.06E-01
78.5	12.69	8.11E-01	2.19E+01	8.11E-01
78.6	12.67	8.16E-01	2.21E+01	8.16E-01
78.7	12.65	8.21E-01	2.22E+01	8.21E-01
78.8	12.63	8.26E-01	2.23E+01	8.26E-01
78.9	12.61	8.31E-01	2.25E+01	8.31E-01
79.0	12.59	8.37E-01	2.26E+01	8.36E-01
79.1	12.56	8.42E-01	2.27E+01	8.41E-01
79.2	12.54	8.47E-01	2.29E+01	8.47E-01
79.3	12.52	8.52E-01	2.30E+01	8.52E-01
79.4	12.50	8.57E-01	2.32E+01	8.57E-01
79.5	12.48	8.62E-01	2.33E+01	8.62E-01
79.6	12.46	8.67E-01	2.34E+01	8.67E-01
79.7	12.44	8.72E-01	2.36E+01	8.72E-01
79.8	12.42	8.77E-01	2.37E+01	8.77E-01
79.9	12.40	8.82E-01	2.38E+01	8.82E-01
80.0	12.38	8.87E-01	2.40E+01	8.87E-01
80.1	12.36	8.92E-01	2.41E+01	8.92E-01
80.2	12.34	8.97E-01	2.43E+01	8.97E-01
80.3	12.32	9.02E-01	2.44E+01	9.02E-01
80.4	12.30	9.08E-01	2.45E+01	9.07E-01
80.5	12.28	9.13E-01	2.47E+01	9.12E-01
80.6	12.26	9.18E-01	2.48E+01	9.17E-01
80.7	12.24	9.23E-01	2.49E+01	9.23E-01
80.8	12.22	9.28E-01	2.51E+01	9.28E-01
80.9	12.20	9.33E-01	2.52E+01	9.33E-01
81.0	12.18	9.38E-01	2.53E+01	9.38E-01
81.1	12.16	9.43E-01	2.55E+01	9.43E-01
81.2	12.14	9.48E-01	2.56E+01	9.48E-01
81.3	12.13	9.53E-01	2.58E+01	9.53E-01
81.4	12.11	9.58E-01	2.59E+01	9.58E-01
81.5	12.09	9.63E-01	2.60E+01	9.63E-01
81.6	12.07	9.68E-01	2.62E+01	9.68E-01
81.7	12.05	9.73E-01	2.63E+01	9.73E-01
81.8	12.03	9.78E-01	2.64E+01	9.78E-01
81.9	12.01	9.83E-01	2.66E+01	9.83E-01
82.0	12.00	9.88E-01	2.67E+01	9.88E-01
82.1	11.98	9.93E-01	2.68E+01	9.93E-01
82.2	11.96	9.98E-01	2.70E+01	9.98E-01
82.3	11.94	1.00E+00	2.71E+01	1.00E+00
82.4	11.92	1.01E+00	2.72E+01	1.01E+00
82.5	11.90	1.01E+00	2.74E+01	1.01E+00
82.6	11.88	1.02E+00	2.75E+01	1.02E+00
82.7	11.86	1.02E+00	2.76E+01	1.02E+00
82.8	11.85	1.03E+00	2.78E+01	1.03E+00
82.9	11.83	1.03E+00	2.79E+01	1.03E+00
83.0	11.81	1.04E+00	2.81E+01	1.04E+00
83.1	11.79	1.04E+00	2.82E+01	1.04E+00
83.2	11.77	1.05E+00	2.83E+01	1.05E+00
83.3	11.76	1.05E+00	2.85E+01	1.05E+00
83.4	11.74	1.06E+00	2.86E+01	1.06E+00
83.5	11.72	1.06E+00	2.87E+01	1.06E+00
83.6	11.71	1.07E+00	2.89E+01	1.07E+00
83.7	11.69	1.07E+00	2.90E+01	1.07E+00
83.8	11.67	1.08E+00	2.91E+01	1.08E+00
83.9	11.66	1.08E+00	2.93E+01	1.08E+00
84.0	11.64	1.09E+00	2.94E+01	1.09E+00
84.1	11.63	1.09E+00	2.95E+01	1.09E+00
84.2	11.61	1.10E+00	2.97E+01	1.10E+00
84.3	11.60	1.10E+00	2.98E+01	1.10E+00
84.4	11.58	1.11E+00	2.99E+01	1.11E+00
84.5	11.57	1.11E+00	3.01E+01	1.11E+00
84.6	11.55	1.12E+00	3.02E+01	1.12E+00
84.7	11.54	1.12E+00	3.03E+01	1.12E+00
84.8	11.52	1.13E+00	3.05E+01	1.13E+00
84.9	11.51	1.13E+00	3.06E+01	1.13E+00
85.0	11.50	1.14E+00	3.07E+01	1.14E+00
85.1	11.48	1.14E+00	3.09E+01	1.14E+00
85.2	11.47	1.15E+00	3.10E+01	1.15E+00
85.3	11.46	1.15E+00	3.11E+01	1.15E+00
85.4	11.44	1.16E+00	3.13E+01	1.16E+00
85.5	11.43	1.16E+00	3.14E+01	1.16E+00
85.6	11.42	1.17E+00	3.15E+01	1.17E+00
85.7	11.40	1.17E+00	3.17E+01	1.17E+00
85.8	11.39	1.18E+00	3.18E+01	1.18E+00
85.9	11.38	1.18E+00	3.19E+01	1.18E+00
86.0	11.36	1.19E+00	3.21E+01	1.19E+00
86.1	11.35	1.19E+00	3.22E+01	1.19E+00
86.2	11.34	1.20E+00	3.23E+01	1.20E+00
86.3	11.33	1.20E+00	3.25E+01	1.20E+00
86.4	11.31	1.21E+00	3.26E+01	1.21E+00
86.5	11.30	1.21E+00	3.27E+01	1.21E+00
86.6	11.29	1.22E+00	3.29E+01	1.22E+00
86.7	11.28	1.22E+00	3.30E+01	1.22E+00
86.8	11.27	1.23E+00	3.31E+01	1.23E+00
86.9	11.26	1.23E+00	3.33E+01	1.23E+00
87.0	11.24	1.24E+00	3.34E+01	1.24E+00
87.1	11.23	1.24E+00	3.35E+01	1.24E+00
87.2	11.22	1.25E+00	3.37E+01	1.25E+00
87.3	11.21	1.25E+00	3.38E+01	1.25E+00
87.4	11.20	1.26E+00	3.39E+01	1.26E+00
87.5	11.19	1.26E+00	3.41E+01	1.26E+00
87.6	11.18	1.27E+00	3.42E+01	1.27E+00
87.7	11.17	1.27E+00	3.43E+01	1.27E+00
87.8	11.16	1.28E+00	3.45E+01	1.28E+00
87.9	11.15	1.28E+00	3.46E+01	1.28E+00
88.0	11.14	1.29E+00	3.47E+01	1.29E+00
88.1	11.13	1.29E+00	3.49E+01	1.29E+00
88.2	11.13	1.30E+00	3.50E+01	1.29E+00
88.3	11.12	1.30E+00	3.51E+01	1.30E+00
88.4	11.11	1.31E+00	3.53E+01	1.30E+00
88.5	11.10	1.31E+00	3.54E+01	1.31E+00
88.6	11.09	1.31E+00	3.55E+01	1.31E+00
88.7	11.08	1.32E+00	3.57E+01	1.32E+00
88.8	11.08	1.32E+00	3.58E+01	1.32E+00
88.9	11.07	1.33E+00	3.59E+01	1.33E+00
89.0	11.06	1.33E+00	3.61E+01	1.33E+00
89.1	11.05	1.34E+00	3.62E+01	1.34E+00
89.2	11.05	1.34E+00	3.63E+01	1.34E+00
89.3	11.04	1.35E+00	3.65E+01	1.35E+00
89.4	11.03	1.35E+00	3.66E+01	1.35E+00
89.5	11.03	1.36E+00	3.67E+01	1.36E+00
89.6	11.02	1.36E+00	3.69E+01	1.36E+00
89.7	11.01	1.37E+00	3.70E+01	1.37E+00
89.8	11.01	1.37E+00	3.71E+01	1.37E+00
89.9	11.00	1.38E+00	3.73E+01	1.38E+00
90.0	10.99	1.38E+00	3.74E+01	1.38E+00
90.1	10.99	1.39E+00	3.75E+01	1.39E+00
90.2	10.98	1.39E+00	3.77E+01	1.39E+00
90.3	10.98	1.40E+00	3.78E+01	1.40E+00
90.4	10.97	1.40E+00	3.79E+01	1.40E+00
90.5	10.96	1.41E+00	3.81E+01	1.41E+00
90.6	10.96	1.41E+00	3.82E+01	1.41E+00
90.7	10.95	1.42E+00	3.84E+01	1.42E+00
90.8	10.95	1.42E+00	3.85E+01	1.42E+00
90.9	10.94	1.43E+00	3.86E+01	1.43E+00
91.0	10.94	1.43E+00	3.88E+01	1.43E+00
91.1	10.93	1.44E+00	3.89E+01	1.44E+00
91.2	10.93	1.44E+00	3.90E+01	1.44E+00
91.3	10.93	1.45E+00	3.92E+01	1.45E+00
91.4	10.92	1.45E+00	3.93E+01	1.45E+00
91.5	10.92	1.46E+00	3.94E+01	1.46E+00
91.6	10.92	1.46E+00	3.96E+01	1.46E+00
91.7	10.91	1.47E+00	3.97E+01	1.47E+00
91.8	10.91	1.47E+00	3.98E+01	1.47E+00
91.9	10.90	1.48E+00	4.00E+01	1.48E+00
92.0	10.90	1.48E+00	4.01E+01	1.48E+00
92.1	10.90	1.49E+00	4.02E+01	1.49E+00
92.2	10.90	1.49E+00	4.04E+01	1.49E+00
92.3	10.89	1.50E+00	4.05E+01	1.50E+00
92.4	10.89	1.50E+00	4.06E+01	1.50E+00
92.5	10.89	1.51E+00	4.08E+01	1.51E+00
92.6	10.88	1.51E+00	4.09E+01	1.51E+00
92.7	10.88	1.52E+00	4.11E+01	1.52E+00
92.8	10.88	1.52E+00	4.12E+01	1.52E+00
92.9	10.88	1.53E+00	4.13E+01	1.53E+00
93.0	10.88	1.53E+00	4.15E+01	1.53E+00
93.1	10.87	1.54E+00	4.16E+01	1.54E+00
93.2	10.87	1.54E+00	4.17E+01	1.54E+00
93.3	10.87	1.55E+00	4.19E+01	1.55E+00
93.4	10.87	1.55E+00	4.20E+01	1.55E+00
93.5	10.87	1.56E+00	4.21E+01	1.56E+00
93.6	10.87	1.56E+00	4.23E+01	1.56E+00
93.7	10.86	1.57E+00	4.24E+01	1.57E+00
93.8	10.86	1.57E+00	4.26E+01	1.57E+00
93.9	10.86	1.58E+00	4.27E+01	1.58E+00
94.0	10.86	1.58E+00	4.28E+01	1.58E+00
94.1	10.86	1.59E+00	4.30E+01	1.59E+00
94.2	10.86	1.60E+00	4.31E+01	1.59E+00
94.3	10.86	1.60E+00	4.32E+01	1.60E+00
94.4	10.86	1.61E+00	4.34E+01	1.60E+00
94.5	10.86	1.61E+00	4.35E+01	1.61E+00
94.6	10.86	1.62E+00	4.37E+01	1.62E+00
94.7	10.86	1.62E+00	4.38E+01	1.62E+00
94.8	10.86	1.63E+00	4.39E+01	1.63E+00
94.9	10.86	1.63E+00	4.41E+01	1.63E+00
95.0	10.86	1.64E+00	4.42E+01	1.64E+00
95.1	10.86	1.64E+00	4.44E+01	1.64E+00
95.2	10.86	1.65E+00	4.45E+01	1.65E+00
95.3	10.86	1.65E+00	4.46E+01	1.65E+00
95.4	10.86	1.66E+00	4.48E+01	1.66E+00
95.5	10.86	1.66E+00	4.49E+01	1.66E+00
95.6	10.86	1.67E+00	4.50E+01	1.67E+00
95.7	10.86	1.67E+00	4.52E+01	1.67E+00
95.8	10.86	1.68E+00	4.53E+01	1.68E+00
95.9	10.86	1.68E+00	4.55E+01	1.68E+00
96.0	10.87	1.69E+00	4.56E+01	1.69E+00
96.1	10.87	1.69E+00	4.57E+01	1.69E+00
96.2	10.87	1.70E+00	4.59E+01	1.70E+00
96.3	10.87	1.70E+00	4.60E+01	1.70E+00
96.4	10.87	1.71E+00	4.62E+01	1.71E+00
96.5	10.87	1.71E+00	4.63E+01	1.71E+00
96.6	10.88	1.72E+00	4.64E+01	1.72E+00
96.7	10.88	1.72E+00	4.66E+01	1.72E+00
96.8	10.88	1.73E+00	4.67E+01	1.73E+00
96.9	10.88	1.73E+00	4.69E+01	1.73E+00
97.0	10.88	1.74E+00	4.70E+01	1.74E+00
97.1	10.89	1.74E+00	4.72E+01	1.74E+00
97.2	10.89	1.75E+00	4.73E+01	1.75E+00
97.3	10.89	1.76E+00	4.74E+01	1.75E+00
97.4	10.89	1.76E+00	4.76E+01	1.76E+00
97.5	10.90	1.77E+00	4.77E+01	1.77E+00
97.6	10.90	1.77E+00	4.79E+01	1.77E+00
97.7	10.90	1.78E+00	4.80E+01	1.78E+00
97.8	10.90	1.78E+00	4.81E+01	1.78E+00
97.9	10.91	1.79E+00	4.83E+01	1.79E+00
98.0	10.91	1.79E+00	4.84E+01	1.79E+00
98.1	10.91	1.80E+00	4.86E+01	1.80E+00
98.2	10.92	1.80E+00	4.87E+01	1.80E+00
98.3	10.92	1.81E+00	4.89E+01	1.81E+00
98.4	10.92	1.81E+00	4.90E+01	1.81E+00
98.5	10.93	1.82E+00	4.92E+01	1.82E+00
98.6	10.93	1.82E+00	4.93E+01	1.82E+00
98.7	10.93	1.83E+00	4.94E+01	1.83E+00
98.8	10.94	1.83E+00	4.96E+01	1.83E+00
98.9	10.94	1.84E+00	4.97E+01	1.84E+00
99.0	10.94	1.85E+00	4.99E+01	1.84E+00
99.1	10.95	1.85E+00	5.00E+01	1.85E+00
99.2	10.95	1.86E+00	5.02E+01	1.86E+00
99.3	10.96	1.86E+00	5.03E+01	1.86E+00
99.4	10.96	1.87E+00	5.05E+01	1.87E+00
99.5	10.97	1.87E+00	5.06E+01	1.87E+00
99.6	10.97	1.88E+00	5.07E+01	1.88E+00
99.7	10.97	1.88E+00	5.09E+01	1.88E+00
99.8	10.98	1.89E+00	5.10E+01	1.89E+00
99.9	10.98	1.89E+00	5.12E+01	1.89E+00
100.0	10.99	1.90E+00	5.13E+01	1.90E+00



























































				
				
				
				
				
